  15
   1   1   1
   3   5   3   10000.0
   1  100. 1000.
   2  100. 2000.
   3  200. 2000.
   1   1   1
   3   1   0
   4   1   1
   2   3
   2  -10. 1000.
   3  -10.    0.
   1   10.00 250.000   10.00 -250.00
   2   10.00 250.000   10.00 -250.00
   3   10.00 333.333   10.00-333.333
   2   2   2
   6   4   4   2  10000.0
   1    0.   80.
   2   60.   80.
   3    0.    0.
   4   60.    0.
   1   1   2    6.
   2   3   4    6.
   3   3   1    8.
   4   4   2    8.
   5   1   4   10.
   6   3   2   10.
   3   1   1
   4   1   1
   1   0
   2   20.   10.
   0   4
   1   0.000 -20.000   0.000  20.000
   2   0.000  10.000   0.000  10.000
   3   0.000  10.000   0.000  10.000
   4   5.000   5.000   5.000   5.000
   3   3   1
   2   3   6   2  10000.0
   1  100.   75.
   2    0.   75.
   3  200.    0.
   1   2   1   10. 1000.
   2   1   3   10. 1000.
   2   1   1   1
   3   1   1   1
   1   2
   1    0.  -10.-1000.
   1   0.000  12.000 200.000   0.000  12.000-200.000
   2  -6.000   8.000 250.000  -6.000   8.000-250.000
   4   4   1
   2   3   6   2  10000.0   4000.0
   1  100.   75.
   2    0.   75.
   3  200.    0.
   1   2   1 1000. 1000.
   2   1   3 1000. 1000.
   2   1   1   1
   3   1   1   1
   1   2
   1    0. 1000.  -10.
   1   0.000-200.000  12.000   0.000 200.000  12.000
   2   0.000-312.500  10.000   0.000 312.500  10.000
   5   4   2
   5   6  12   4  30000.0  12000.0
   1  180.    0.
   2  180.  120.
   3    0.    0.
   4  300.    0.
   5   60.  120.
   6  180.  240.
   1   3   1 2000. 1000.
   2   1   4 2000. 1000.
   3   1   2 2000. 1000.
   4   5   2 2000. 1000.
   5   2   6 2000. 1000.
   3   1   1   1
   4   1   1   1
   5   1   1   1
   6   1   1   1
   1   0
   1    0.  960.   16.
   0   2
   1   0.000-1080.00  24.000   0.0001080.000  24.000
   4   0.000-960.000  48.000   0.000 960.000  48.000
   6   5   2
   6   4   9   4  10000.0
   1    0.    0.    0.
   2   75.    0.    0.
   3    0.  100.    0.
   4    0.    0.  100.
   1   1   2   10.
   2   1   3   10.
   3   1   4   10.
   4   2   3   10.
   5   2   4   10.
   6   3   4   10.
   1   1   1   1
   2   0   1   1
   3   1   1   1
   4   0   0   1
   1   0
   4   30.   40.    0.
   0   2
   2 -20.000  20.000 -10.000 -20.000  20.000 -10.000
   5   5.000  10.000   5.000   5.000  10.000   5.000   
   7   5   2
   7   5   9   3  30000.0
   1  120.    0.    0.
   2    0.  240.  240.
   3  240.  240.  240.
   4  240.  240.    0.
   5    0.  240.    0.
   1   1   2   10.
   2   1   3   10.
   3   2   3   10.
   4   2   5   10.
   5   3   4   10.
   6   2   4   10.
   7   3   5   10.
   1   1   1   1
   4   1   1   1
   5   1   1   1
   2   0
   2    0.  -20.    0.
   3    0.    0.  -20.
   0   2
   4 -10.000   0.000 -10.000 -10.000   0.000 -10.000
   5   0.000  10.000   0.000   0.000  10.000   0.000
   8   6   2
   3   4  12   2  30000.  12000.
   1    0.  120.    0.
   2  240.  120.    0.
   3    0.    0.    0.
   4  360.    0.  120.
   1   1   2   11.   83.   56.   56.   0
   2   3   1   11.   83.   56.   56.   0
   3   2   4   11.   83.   56.   56.   0
   3   1   1   1   1   1   1
   4   1   1   1   1   1   1
   2   0
   1   2.000   0.000   0.000   0.000   0.000   0.000
   2   0.000  -1.000   0.000   0.000   0.000-120.000
   0   1
   1   0.000   0.000  -2.000   0.000 120.000   0.000   0.000   0.000  -2.000   0.000-120.000   0.000
   9   6   2
   3   4  18   3  10000.   4000.
   1  128.   96.   72.
   2  128.  192.    0.
   3    0.    0.    0.
   4  256.    0.    0.
   1   1   2    9.   64.   28.   80.   0
   2   3   1    9.   64.   28.   80.   1
   2  128.   96.    0.
   3   1   4    9.   64.   28.   80.   1
   3  128.   96.    0.
   2   1   1   1   1   1   1
   3   1   1   1   1   1   1
   4   1   1   1   1   1   1
   1   0
   1   0.000   0.000  -5.000-120.000   0.000   0.000
   0   2
   1  -1.500   2.000   0.000   0.000   0.000  60.000  -1.500   2.000   0.000   0.000   0.000 -60.000
   3  -1.368   0.616   2.000   0.000 -87.727  27.000  -1.368   0.616   2.000   0.000  87.727 -27.000

   

   
   

